# Iteration 0
-69.250209808349609375
180.015735626220703125
-133.701446533203125
86.108638763427734375
-47.7421417236328125
97.715663909912109375
-142.63449859619140625
32.493091583251953125
-22.823841094970703125
36.8434295654296875
-33.934051513671875
9.201305389404296875
-.906345367431640625
.5372467041015625
-.58172607421875
.289974212646484375
-185.569866180419921875
144.681640625
-138.176929473876953125
26.08721923828125
-34.7084503173828125
200.68141937255859375
-54.646419525146484375
41.131542205810546875
-35.865329742431640625
76.017360687255859375
-19.30576324462890625
12.262203216552734375
-.385700225830078125
8.404689788818359375
-2.326351165771484375
.4023284912109375
-97.8027801513671875
84.70871734619140625
-102.58599853515625
132.908145904541015625
-13.47692108154296875
156.314640045166015625
-49.881801605224609375
61.449939727783203125
-26.72167205810546875
89.794464111328125
-36.711925506591796875
9.620983123779296875
-.54398345947265625
9.870868682861328125
-1.022830963134765625
1.80799102783203125
-102.665889739990234375
42.9521942138671875
-27.991291046142578125
104.733856201171875
-35.785491943359375
60.074886322021484375
-38.06380462646484375
34.632312774658203125
-4.180614471435546875
66.330402374267578125
-4.104793548583984375
41.99111175537109375
-.02059173583984375
.2467193603515625
-.019718170166015625
.12110137939453125
# Iteration 1
-157.727321624755859375
151.670009613037109375
-205.662723541259765625
34.47643280029296875
-46.458232879638671875
147.484745025634765625
-94.547412872314453125
26.07201385498046875
-18.670612335205078125
43.2901458740234375
-28.6246795654296875
5.686344146728515625
-.112945556640625
.444171905517578125
-.19475555419921875
.11794281005859375
-121.905178070068359375
111.72069549560546875
-94.2842254638671875
68.617099761962890625
-26.49249267578125
91.894809722900390625
-64.68836212158203125
32.271335601806640625
-4.101505279541015625
84.195705413818359375
-16.814601898193359375
11.73895263671875
-.025257110595703125
1.81603240966796875
-.04418182373046875
.735504150390625
-94.7439422607421875
97.016948699951171875
-40.1791839599609375
209.522216796875
-45.951587677001953125
78.972629547119140625
-56.7947998046875
36.977725982666015625
-5.537357330322265625
72.082439422607421875
-20.871524810791015625
9.254673004150390625
-.448970794677734375
.39434814453125
-.12435150146484375
1.04852294921875
-82.789196014404296875
40.223651885986328125
-35.760341644287109375
50.49652099609375
-17.39234161376953125
74.555633544921875
-25.327178955078125
79.8507537841796875
-3.2013397216796875
43.399322509765625
-.100879669189453125
47.40482330322265625
-8.416767120361328125
.52115631103515625
-.125682830810546875
6.7285308837890625
# Iteration 2
-13.172855377197265625
55.15238189697265625
-51.67977142333984375
17.0260162353515625
-22.967342376708984375
43.819690704345703125
-32.641353607177734375
13.396167755126953125
-.479503631591796875
30.88291168212890625
-7.603466033935546875
3.291866302490234375
-.168628692626953125
.153751373291015625
-.105052947998046875
.136837005615234375
-20.051731109619140625
48.801685333251953125
-24.951141357421875
37.085704803466796875
-12.6982269287109375
38.27672576904296875
-26.622035980224609375
14.494403839111328125
-1.7178955078125
23.476177215576171875
-14.157085418701171875
2.5749053955078125
-.745391845703125
.8957061767578125
-.1444549560546875
2.37945556640625
-43.10784149169921875
14.70655059814453125
-13.543987274169921875
33.74025726318359375
-11.481761932373046875
27.96978759765625
-11.714168548583984375
21.778743743896484375
-.370143890380859375
34.528011322021484375
-2.396209716796875
19.0323028564453125
-3.7394561767578125
1.308048248291015625
-.025547027587890625
5.08090972900390625
-27.229572296142578125
11.184967041015625
-15.651508331298828125
27.933666229248046875
-4.369586944580078125
32.1676025390625
-1.698886871337890625
40.52468109130859375
-.88263702392578125
2.790088653564453125
-.620586395263671875
5.047954559326171875
-.896175384521484375
.244762420654296875
-1.531948089599609375
.656475067138671875
# Iteration 3
-84.20343780517578125
38.14179229736328125
-53.76456451416015625
20.30162811279296875
-6.11138153076171875
80.571033477783203125
-49.69183349609375
12.350681304931640625
-24.9999237060546875
38.89270782470703125
-29.491039276123046875
18.132129669189453125
-13.32190704345703125
22.046199798583984375
-15.6230926513671875
5.271709442138671875
-59.575084686279296875
17.425632476806640625
-39.268550872802734375
25.023014068603515625
-4.79290771484375
45.644336700439453125
-21.782909393310546875
15.01739501953125
-10.084804534912109375
20.8285064697265625
-22.562129974365234375
9.4709014892578125
-2.738773345947265625
27.614765167236328125
-10.8798980712890625
2.115055084228515625
-29.972118377685546875
17.489704132080078125
-37.681285858154296875
52.667236328125
-9.56450653076171875
41.02752685546875
-10.55258941650390625
27.63970947265625
-18.2283935546875
21.425319671630859375
-12.394901275634765625
18.11789703369140625
-6.624988555908203125
37.203975677490234375
-5.331302642822265625
13.541103363037109375
-18.216472625732421875
24.58110809326171875
-5.8123016357421875
52.045513153076171875
-17.820369720458984375
17.419139862060546875
-5.98888397216796875
17.312530517578125
-17.04693603515625
17.719135284423828125
-12.43354034423828125
9.066318511962890625
-2.198604583740234375
24.284938812255859375
-9.119594573974609375
5.257343292236328125
# Iteration 4
-46.2281341552734375
38.57891845703125
-30.786468505859375
21.94522857666015625
-6.31146240234375
58.20892333984375
-47.051761627197265625
14.02037811279296875
-28.791042327880859375
32.40325927734375
-37.633167266845703125
9.89904022216796875
-4.02036285400390625
23.553882598876953125
-9.29346466064453125
2.03173828125
-28.95331573486328125
25.5793304443359375
-22.585601806640625
32.69512939453125
-9.310985565185546875
31.68894195556640625
-17.01351165771484375
17.071685791015625
-18.7919769287109375
29.997440338134765625
-14.03849029541015625
17.437213897705078125
-.1190643310546875
18.319911956787109375
-1.1406707763671875
6.00997161865234375
-33.868740081787109375
26.497554779052734375
-6.19686126708984375
71.3190460205078125
-17.4246826171875
19.3289642333984375
-18.87557220458984375
11.85387420654296875
-10.147487640380859375
35.81402587890625
-17.566802978515625
13.86902618408203125
-.8053741455078125
16.6382293701171875
-6.519287109375
1.685455322265625
-28.15401458740234375
12.52516937255859375
-12.266510009765625
11.8619842529296875
-14.255168914794921875
6.735416412353515625
-8.368480682373046875
11.268718719482421875
-4.621677398681640625
28.38829803466796875
-3.684261322021484375
21.94840240478515625
-.52558135986328125
8.2718353271484375
-.130340576171875
9.7789306640625
# Iteration 5
-93.771488189697265625
140.601367950439453125
-107.00933837890625
62.308177947998046875
-47.613128662109375
162.297435760498046875
-57.292720794677734375
105.702167510986328125
-18.67809295654296875
62.824115753173828125
-25.955921173095703125
41.093669891357421875
-10.775150299072265625
5.179996490478515625
-1.8683319091796875
7.094707489013671875
-122.90423583984375
171.885890960693359375
-85.154354095458984375
114.114963531494140625
-107.64269256591796875
113.163524627685546875
-153.14836883544921875
21.750949859619140625
-29.74948883056640625
122.703582763671875
-126.13251495361328125
6.843997955322265625
-7.659023284912109375
19.09344482421875
-17.16008758544921875
1.75928497314453125
-160.13054656982421875
143.943126678466796875
-144.637996673583984375
86.78131103515625
-133.067485809326171875
81.489589691162109375
-93.3462677001953125
34.78851318359375
-28.404033660888671875
196.390689849853515625
-32.419513702392578125
72.49419403076171875
-17.804737091064453125
26.796230316162109375
-7.446262359619140625
6.3784027099609375
-92.65378570556640625
51.59157562255859375
-45.19864654541015625
187.5328369140625
-39.1192779541015625
95.210697174072265625
-17.61212921142578125
92.20395660400390625
-24.454219818115234375
85.222667694091796875
-45.129322052001953125
19.427631378173828125
-3.674312591552734375
25.567920684814453125
-6.082183837890625
6.64505767822265625
# Iteration 6
-60.626651763916015625
63.828639984130859375
-182.224742889404296875
44.39068603515625
-7.32909393310546875
78.4525909423828125
-85.218837738037109375
8.55987548828125
-1.57717132568359375
17.347751617431640625
-12.25467681884765625
11.391597747802734375
-3.766002655029296875
2.90756988525390625
-.277622222900390625
16.9687042236328125
-56.19390106201171875
140.572437286376953125
-166.923305511474609375
68.496265411376953125
-28.64360809326171875
90.42259979248046875
-119.477996826171875
28.287754058837890625
-3.094268798828125
99.558818817138671875
-31.4527130126953125
27.741672515869140625
-13.053691864013671875
2.533130645751953125
-11.806659698486328125
6.639678955078125
-89.743267059326171875
177.440097808837890625
-50.204952239990234375
174.187225341796875
-64.624752044677734375
86.10408782958984375
-25.990192413330078125
99.572460174560546875
-5.096035003662109375
74.6231231689453125
-20.641086578369140625
38.11093902587890625
-9.5414581298828125
1.748779296875
-6.62189483642578125
13.42658233642578125
-42.39070892333984375
126.12218475341796875
-113.444347381591796875
47.461170196533203125
-3.422718048095703125
49.45940399169921875
-73.1913909912109375
28.559055328369140625
-.2178955078125
20.98233795166015625
-69.6182098388671875
.26137542724609375
-.569889068603515625
13.326618194580078125
-43.283100128173828125
1.282367706298828125
# Iteration 7
-13.8538665771484375
23.891086578369140625
-49.290576934814453125
16.613037109375
-14.986682891845703125
15.87538909912109375
-48.398334503173828125
8.15021514892578125
-1.7276611328125
37.516937255859375
-38.810375213623046875
5.38311004638671875
-1.0353851318359375
7.394924163818359375
-7.30245208740234375
1.995441436767578125
-23.767063140869140625
23.155303955078125
-41.04074859619140625
16.586757659912109375
-13.855075836181640625
10.326763153076171875
-11.606540679931640625
15.556255340576171875
-5.53448486328125
34.6390380859375
-23.0444488525390625
15.2776947021484375
-.478954315185546875
17.63455963134765625
-10.64488983154296875
1.787815093994140625
-9.6439208984375
44.862445831298828125
-30.944179534912109375
29.817508697509765625
-9.340137481689453125
15.3282928466796875
-3.15081787109375
36.296215057373046875
-13.65406036376953125
30.766712188720703125
-9.897647857666015625
23.2418212890625
-2.95435333251953125
9.619434356689453125
-10.79921722412109375
1.222293853759765625
-18.90756988525390625
53.951572418212890625
-16.3096923828125
19.59018707275390625
-7.19150543212890625
3.348865509033203125
-11.39365386962890625
8.902484893798828125
-3.672748565673828125
8.27121734619140625
-11.443393707275390625
8.592586517333984375
-4.19858551025390625
.223400115966796875
-10.692043304443359375
.193729400634765625
# Iteration 8
-22.10124969482421875
38.411472320556640625
-17.48493194580078125
11.273834228515625
-6.8374481201171875
21.67559814453125
-4.011379241943359375
22.53260040283203125
-1.15345001220703125
13.380252838134765625
-4.409633636474609375
5.8426361083984375
-1.2032623291015625
.67053985595703125
-.056087493896484375
1.566070556640625
-66.3368377685546875
83.285114288330078125
-70.691822052001953125
35.10474395751953125
-12.716609954833984375
105.650913238525390625
-41.03032684326171875
59.286777496337890625
-15.036029815673828125
39.682415008544921875
-30.718250274658203125
25.7605438232421875
-9.59204864501953125
7.800601959228515625
-7.051578521728515625
4.153903961181640625
-120.24718475341796875
90.9023590087890625
-36.21297454833984375
75.89792633056640625
-70.4618682861328125
94.399463653564453125
-86.401920318603515625
9.825592041015625
-42.63628387451171875
112.07649993896484375
-98.21343231201171875
7.517940521240234375
-6.6497344970703125
32.979488372802734375
-13.753147125244140625
3.55704498291015625
-128.47772216796875
52.175579071044921875
-81.654773712158203125
59.0590362548828125
-69.765380859375
25.0887451171875
-65.11832427978515625
23.09726715087890625
-9.2790374755859375
127.728302001953125
-24.9312591552734375
27.5626373291015625
-11.0034332275390625
35.53275299072265625
-17.08731842041015625
2.853672027587890625
# Iteration 9
-24.274372100830078125
28.84192657470703125
-59.08255767822265625
13.2343597412109375
-1.28635406494140625
50.9051055908203125
-44.60099029541015625
13.81316375732421875
-2.764987945556640625
7.090152740478515625
-5.043670654296875
4.655971527099609375
-2.698974609375
1.8260955810546875
-1.19989013671875
6.2405242919921875
-20.759426116943359375
21.3388671875
-17.5598907470703125
37.979358673095703125
-6.096378326416015625
51.705158233642578125
-13.826343536376953125
21.7960662841796875
-3.22678375244140625
7.87305450439453125
-12.663883209228515625
2.443691253662109375
-3.73552703857421875
.015468597412109375
-15.1752166748046875
.032073974609375
-19.729122161865234375
16.047027587890625
-14.84815216064453125
47.9603729248046875
-6.58100128173828125
19.82741546630859375
-15.054950714111328125
14.4410552978515625
-6.150028228759765625
.8679046630859375
-22.9219970703125
.251861572265625
-4.7108306884765625
.080875396728515625
-17.40845489501953125
.040973663330078125
-6.309246063232421875
5.88265228271484375
-25.578258514404296875
1.75251007080078125
-8.594074249267578125
.65879058837890625
-26.46337127685546875
.59096527099609375
-9.306613922119140625
4.43819427490234375
-34.319286346435546875
3.991771697998046875
-13.448230743408203125
3.00774383544921875
-28.670200347900390625
7.32579803466796875
# Iteration 10
-97.7347564697265625
42.90520477294921875
-226.0869293212890625
44.69745635986328125
-54.135589599609375
67.565891265869140625
-146.061588287353515625
35.126499176025390625
-51.07866668701171875
69.341403961181640625
-143.54277801513671875
41.1431121826171875
-8.483997344970703125
129.55197906494140625
-88.01985931396484375
20.615764617919921875
-107.5089263916015625
33.373012542724609375
-91.91693115234375
186.57997894287109375
-33.47681427001953125
134.923099517822265625
-33.36138916015625
81.285030364990234375
-32.61421966552734375
49.890842437744140625
-13.568775177001953125
119.9877471923828125
-16.22101593017578125
85.090839385986328125
-24.06073760986328125
42.2730255126953125
-123.868732452392578125
26.194919586181640625
-146.18375396728515625
102.902820587158203125
-26.526485443115234375
183.434688568115234375
-59.4593353271484375
24.80467987060546875
-21.93703460693359375
25.292430877685546875
-76.734630584716796875
16.243896484375
-13.80619049072265625
10.96747589111328125
-73.5684814453125
1.41123199462890625
-47.443241119384765625
75.656864166259765625
-92.26863861083984375
135.789218902587890625
-58.011470794677734375
60.6199951171875
-48.17398834228515625
115.216808319091796875
-55.194549560546875
3.9091796875
-92.84149932861328125
71.767284393310546875
-20.405208587646484375
24.8197021484375
-65.2710418701171875
25.69716644287109375
# Iteration 11
-32.99700927734375
25.2484588623046875
-30.23492431640625
17.470996856689453125
-8.38201141357421875
31.29903411865234375
-25.55976104736328125
14.90128326416015625
-25.032115936279296875
33.762477874755859375
-13.057025909423828125
34.2418365478515625
-2.058811187744140625
20.126354217529296875
-11.654567718505859375
8.62542724609375
-35.145305633544921875
30.700286865234375
-27.083454132080078125
10.486907958984375
-7.990863800048828125
21.226535797119140625
-31.4266510009765625
15.09271240234375
-6.348941802978515625
49.4326019287109375
-26.4946136474609375
22.215969085693359375
-6.2760162353515625
10.633457183837890625
-9.531681060791015625
11.328197479248046875
-35.3476409912109375
29.006969451904296875
-14.76427459716796875
19.340789794921875
-19.40032958984375
30.253021240234375
-17.2266387939453125
32.637134552001953125
-17.71216583251953125
47.284008026123046875
-20.4710235595703125
6.12296295166015625
-33.48703765869140625
15.903781890869140625
-48.551830291748046875
3.06109619140625
-44.501705169677734375
30.423915863037109375
-14.25458526611328125
34.064983367919921875
-37.1943511962890625
31.36292266845703125
-20.13818359375
4.082561492919921875
-28.837871551513671875
36.91640472412109375
-23.6444549560546875
7.40467071533203125
-18.538604736328125
13.695240020751953125
-13.88455963134765625
2.663990020751953125
# Iteration 12
-162.746311187744140625
161.782894134521484375
-61.5443878173828125
102.77326202392578125
-96.44307708740234375
87.62329864501953125
-69.989200592041015625
36.476482391357421875
-31.046051025390625
91.987117767333984375
-55.754123687744140625
43.7988128662109375
-18.987140655517578125
58.670375823974609375
-16.013538360595703125
40.368869781494140625
-189.977382659912109375
116.33718109130859375
-45.294109344482421875
84.14406585693359375
-87.089733123779296875
67.442539215087890625
-40.3823089599609375
47.30355072021484375
-27.1626129150390625
149.9097137451171875
-61.32454681396484375
110.771221160888671875
-36.4653778076171875
72.0321502685546875
-72.076839447021484375
41.582469940185546875
-188.0784149169921875
112.084445953369140625
-60.20339202880859375
85.50379180908203125
-130.972911834716796875
127.9871368408203125
-62.99072265625
91.302074432373046875
-91.983974456787109375
122.99173736572265625
-88.137699127197265625
35.025165557861328125
-74.1878814697265625
101.706157684326171875
-101.055999755859375
16.35434722900390625
-110.581912994384765625
96.342800140380859375
-136.014225006103515625
42.6798095703125
-46.37984466552734375
59.513233184814453125
-67.69791412353515625
89.320278167724609375
-74.605281829833984375
29.639923095703125
-69.652515411376953125
70.225955963134765625
-11.577739715576171875
96.6278076171875
-23.654003143310546875
49.23419952392578125
# Iteration 13
-56.30794525146484375
25.689655303955078125
-21.3675537109375
18.085681915283203125
-25.689189910888671875
22.248043060302734375
-21.232227325439453125
11.2855682373046875
-12.284793853759765625
36.030452728271484375
-34.97840118408203125
32.1094207763671875
-5.579135894775390625
51.090801239013671875
-24.094783782958984375
15.57711029052734375
-64.10625457763671875
12.45633697509765625
-9.335018157958984375
26.80037689208984375
-16.82736968994140625
44.136333465576171875
-12.03449249267578125
20.36505126953125
-32.29729461669921875
35.903400421142578125
-20.72084808349609375
17.77217864990234375
-17.17545318603515625
35.614532470703125
-15.4556427001953125
5.107418060302734375
-56.643001556396484375
12.949859619140625
-11.80130767822265625
51.861541748046875
-29.6849517822265625
29.479938507080078125
-18.378116607666015625
28.18244171142578125
-34.2758941650390625
40.49562835693359375
-20.216724395751953125
9.68450164794921875
-28.119167327880859375
30.9126129150390625
-19.5774383544921875
9.925876617431640625
-16.216182708740234375
24.74059295654296875
-22.74724578857421875
10.352993011474609375
-46.170566558837890625
5.912670135498046875
-18.99201202392578125
7.178340911865234375
-7.790622711181640625
22.006771087646484375
-17.724193572998046875
15.2448883056640625
-7.239376068115234375
4.950557708740234375
-17.649562835693359375
10.286571502685546875
# Iteration 14
-40.6486968994140625
20.964229583740234375
-61.92971038818359375
47.9881439208984375
-38.258228302001953125
45.86115264892578125
-15.21002197265625
27.5805206298828125
-10.591823577880859375
54.15158843994140625
-8.788360595703125
48.838161468505859375
-20.3544464111328125
8.6027069091796875
-9.099185943603515625
32.174526214599609375
-42.24166107177734375
15.14720916748046875
-42.7732696533203125
42.964023590087890625
-4.8510284423828125
58.544567108154296875
-8.599018096923828125
24.126132965087890625
-1.597827911376953125
10.526287078857421875
-16.673908233642578125
3.242649078369140625
-5.17554473876953125
4.4941558837890625
-12.169025421142578125
5.425106048583984375
-27.033176422119140625
38.899402618408203125
-13.02428436279296875
90.661327362060546875
-43.205783843994140625
28.8282318115234375
-23.441677093505859375
37.760990142822265625
-7.318267822265625
7.03250885009765625
-45.349391937255859375
9.530292510986328125
-.805912017822265625
7.753231048583984375
-35.2099151611328125
.35320281982421875
-18.563617706298828125
9.71759796142578125
-34.41176605224609375
14.36310577392578125
-26.674896240234375
7.314464569091796875
-15.86156463623046875
21.239349365234375
-25.69399261474609375
3.15583038330078125
-11.73302459716796875
26.48351287841796875
-11.122447967529296875
11.885608673095703125
-11.471927642822265625
13.122661590576171875
# Iteration 15
-55.427997589111328125
59.127780914306640625
-23.771770477294921875
67.47409820556640625
-47.72607421875
38.046939849853515625
-48.316005706787109375
40.394618988037109375
-23.568988800048828125
54.690357208251953125
-53.194854736328125
59.06644439697265625
-31.29042816162109375
26.547084808349609375
-21.900970458984375
61.404682159423828125
-69.351154327392578125
44.060466766357421875
-49.639926910400390625
43.05157470703125
-39.648204803466796875
37.586669921875
-32.1725006103515625
28.420314788818359375
-16.1085052490234375
53.184856414794921875
-21.267299652099609375
22.015079498291015625
-29.08758544921875
6.825099945068359375
-10.569637298583984375
11.41930389404296875
-46.96727752685546875
32.03863525390625
-56.63800048828125
23.869113922119140625
-10.380512237548828125
41.716770172119140625
-13.309299468994140625
31.551670074462890625
-18.474788665771484375
49.442043304443359375
-17.474475860595703125
9.70282745361328125
-25.826457977294921875
15.83477020263671875
-11.798969268798828125
10.56195831298828125
-30.468425750732421875
20.88669586181640625
-16.577938079833984375
32.009204864501953125
-12.2564544677734375
29.846767425537109375
-14.163486480712890625
16.879962921142578125
-22.10675811767578125
25.73285675048828125
-16.39595794677734375
17.522983551025390625
-17.193279266357421875
11.95685577392578125
-12.858989715576171875
9.362438201904296875
# Iteration 16
-86.646694183349609375
109.8971405029296875
-102.36237335205078125
48.909381866455078125
-269.42156219482421875
63.7671356201171875
-35.543094635009765625
65.193603515625
-95.452911376953125
192.143299102783203125
-49.83437347412109375
144.14424896240234375
-117.9137725830078125
113.803401947021484375
-61.76381683349609375
88.54328155517578125
-78.1129608154296875
99.230098724365234375
-253.18012237548828125
63.16008758544921875
-64.50182342529296875
190.29778289794921875
-61.343662261962890625
109.2903594970703125
-103.669666290283203125
64.754241943359375
-32.330657958984375
85.566192626953125
-70.288509368896484375
56.717891693115234375
-30.98040008544921875
57.8899078369140625
-126.297000885009765625
174.478389739990234375
-41.951168060302734375
143.4005126953125
-97.8325042724609375
192.4176025390625
-99.92217254638671875
53.461856842041015625
-75.8824920654296875
133.99478912353515625
-92.716548919677734375
47.361392974853515625
-95.25194549560546875
30.18198394775390625
-42.212436676025390625
27.384815216064453125
-145.932262420654296875
124.07979583740234375
-50.07697296142578125
144.2960662841796875
-76.984539031982421875
54.2354278564453125
-51.757598876953125
32.02884674072265625
-46.6220550537109375
140.262115478515625
-56.454799652099609375
22.484771728515625
-83.024204254150390625
38.249004364013671875
-53.13445281982421875
27.759243011474609375
# Iteration 17
-87.14456939697265625
44.896747589111328125
-20.390411376953125
31.836822509765625
-48.6779022216796875
56.72742462158203125
-7.870513916015625
36.535640716552734375
-10.87818145751953125
73.755767822265625
-6.132171630859375
15.197727203369140625
-8.36400604248046875
25.731914520263671875
-4.576908111572265625
9.050540924072265625
-58.116390228271484375
52.500186920166015625
-17.721927642822265625
20.675464630126953125
-32.465087890625
27.601146697998046875
-25.914825439453125
20.707698822021484375
-4.22684478759765625
43.316738128662109375
-9.504619598388671875
3.48758697509765625
-.0458526611328125
19.13196563720703125
-1.008289337158203125
.47949981689453125
-48.99371337890625
48.7080230712890625
-25.003635406494140625
32.023754119873046875
-43.7497711181640625
21.384586334228515625
-13.0120391845703125
19.0091552734375
-7.547275543212890625
36.767791748046875
-1.26532745361328125
7.248905181884765625
-.0109405517578125
19.9193267822265625
-.125057220458984375
.602840423583984375
-44.7057952880859375
33.68642425537109375
-30.32073974609375
32.238346099853515625
-28.96938323974609375
20.689056396484375
-13.14946746826171875
15.442943572998046875
-8.0954742431640625
21.196758270263671875
-5.219837188720703125
12.548755645751953125
-.045440673828125
15.86761474609375
-1.672283172607421875
.396915435791015625
# Iteration 18
-93.21148681640625
74.634471893310546875
-24.69536590576171875
39.679534912109375
-64.351947784423828125
87.046482086181640625
-43.449108123779296875
31.325077056884765625
-16.12664031982421875
64.1451568603515625
-13.98581695556640625
8.020053863525390625
-.124233245849609375
25.433349609375
-4.5145111083984375
1.931613922119140625
-58.760196685791015625
57.211544036865234375
-26.873493194580078125
46.545207977294921875
-52.2968292236328125
41.502590179443359375
-12.625980377197265625
35.9600677490234375
-2.025089263916015625
37.0731048583984375
-2.17380523681640625
2.0955352783203125
-.188083648681640625
18.36998748779296875
-1.4494781494140625
.367580413818359375
-28.506011962890625
74.78034210205078125
-51.584682464599609375
22.547863006591796875
-48.42443084716796875
27.97624969482421875
-11.14015960693359375
28.828296661376953125
-3.3678131103515625
30.822093963623046875
-6.19736480712890625
6.6895904541015625
-.314861297607421875
17.467327117919921875
-1.428256988525390625
.5155181884765625
-44.128528594970703125
40.456233978271484375
-33.90435791015625
38.55310821533203125
-32.590484619140625
35.57094573974609375
-28.94257354736328125
30.92800140380859375
-10.453380584716796875
12.59625244140625
-8.775684356689453125
16.09427642822265625
-.67076873779296875
16.08563995361328125
-4.35337066650390625
.636180877685546875
# Iteration 19
-48.51735687255859375
104.074192047119140625
-89.429668426513671875
60.353702545166015625
-108.86740875244140625
95.343738555908203125
-97.7736663818359375
46.99544525146484375
-174.8142852783203125
66.434078216552734375
-83.900615692138671875
96.494739532470703125
-63.413787841796875
51.261096954345703125
-73.19365692138671875
96.42205810546875
-90.023990631103515625
93.108295440673828125
-100.4974212646484375
47.400737762451171875
-121.161716461181640625
38.8162078857421875
-107.48046875
5.673553466796875
-14.462677001953125
138.7843475341796875
-21.750469207763671875
34.95563507080078125
-62.67040252685546875
22.518428802490234375
-18.17813873291015625
34.6744384765625
-190.10223388671875
122.560855865478515625
-29.61865997314453125
59.62454986572265625
-76.000537872314453125
64.538875579833984375
-16.85288238525390625
69.7900543212890625
-2.715290069580078125
111.91564178466796875
-10.13243865966796875
19.623783111572265625
-29.10077667236328125
34.10101318359375
-10.871952056884765625
47.878421783447265625
-120.985992431640625
103.223388671875
-23.696414947509765625
35.71443939208984375
-48.691715240478515625
44.295703887939453125
-20.251537322998046875
33.62378692626953125
-12.585479736328125
85.406829833984375
-21.273212432861328125
13.93260955810546875
-1.231853485107421875
44.97608184814453125
-3.635044097900390625
5.322002410888671875
# Iteration 20
-34.437824249267578125
28.71762847900390625
-34.3877410888671875
17.8144073486328125
-55.8209228515625
33.765857696533203125
-28.953449249267578125
8.716625213623046875
-.84877777099609375
55.2288055419921875
-25.772609710693359375
.47109222412109375
-6.591960906982421875
16.635913848876953125
-9.446254730224609375
2.479862213134765625
-34.919727325439453125
11.762195587158203125
-27.865657806396484375
5.899936676025390625
-20.917690277099609375
27.551753997802734375
-8.278987884521484375
12.343151092529296875
-3.649272918701171875
35.20247650146484375
-16.469387054443359375
7.871364593505859375
-.460109710693359375
18.954708099365234375
-10.858058929443359375
.94957733154296875
-48.063201904296875
23.703136444091796875
-18.07007598876953125
30.30576324462890625
-28.437679290771484375
40.4784393310546875
-10.25417327880859375
28.95662689208984375
-13.083370208740234375
33.70516204833984375
-12.85248565673828125
14.038852691650390625
-6.5056304931640625
18.474102020263671875
-10.68962860107421875
4.13628387451171875
-41.514495849609375
27.1656036376953125
-13.6888275146484375
21.266735076904296875
-22.495906829833984375
19.369083404541015625
-7.931858062744140625
17.71172332763671875
-18.56829071044921875
12.508129119873046875
-14.243335723876953125
14.0628204345703125
-5.728519439697265625
22.616413116455078125
-14.094512939453125
7.040874481201171875
# Iteration 21
-142.087032318115234375
159.32238006591796875
-82.3665771484375
162.273113250732421875
-90.63875579833984375
236.550334930419921875
-147.414821624755859375
142.8285980224609375
-134.77756500244140625
138.90451812744140625
-60.83101654052734375
154.161327362060546875
-93.181304931640625
62.1859130859375
-52.257129669189453125
105.28060150146484375
-208.96833038330078125
78.66005706787109375
-121.1217803955078125
90.17980194091796875
-33.63434600830078125
184.648082733154296875
-64.131443023681640625
44.462345123291015625
-97.40154266357421875
90.349582672119140625
-40.674320220947265625
32.4818572998046875
-77.09864044189453125
33.974147796630859375
-58.32083892822265625
15.725467681884765625
-161.382541656494140625
56.924686431884765625
-81.594562530517578125
95.978427886962890625
-80.159576416015625
144.47564697265625
-41.14919281005859375
63.799381256103515625
-136.356597900390625
92.742786407470703125
-87.492679595947265625
20.34403228759765625
-125.09781646728515625
10.600772857666015625
-70.4492340087890625
29.03681182861328125
-30.741046905517578125
29.311397552490234375
-21.601367950439453125
23.647258758544921875
-71.7037200927734375
34.888980865478515625
-36.591869354248046875
9.359012603759765625
-75.397548675537109375
53.700611114501953125
-25.37749481201171875
41.697277069091796875
-78.709644317626953125
6.4206085205078125
-42.26694488525390625
31.975536346435546875
# Iteration 22
-64.32259368896484375
28.719463348388671875
-21.67374420166015625
34.161346435546875
-36.872467041015625
52.909267425537109375
-43.96234130859375
21.6390533447265625
-60.45655059814453125
55.29929351806640625
-25.80591583251953125
25.61087799072265625
-45.455913543701171875
55.0963592529296875
-25.193782806396484375
17.5221405029296875
-58.583354949951171875
10.992008209228515625
-12.26439666748046875
19.78997802734375
-53.273670196533203125
33.017242431640625
-26.949798583984375
10.404109954833984375
-41.935573577880859375
43.038173675537109375
-28.21991729736328125
19.0853118896484375
-29.0229644775390625
24.87014007568359375
-11.7772369384765625
11.534534454345703125
-53.072360992431640625
6.7127838134765625
-4.009593963623046875
18.955135345458984375
-45.798095703125
27.26180267333984375
-7.450275421142578125
20.092151641845703125
-15.07118988037109375
36.912578582763671875
-2.03832244873046875
33.6163177490234375
-30.722423553466796875
13.296680450439453125
-11.14768218994140625
7.691741943359375
-32.046802520751953125
7.287616729736328125
-4.570842742919921875
13.38297271728515625
-31.450908660888671875
33.304203033447265625
-6.343318939208984375
20.303226470947265625
-19.38828277587890625
22.584789276123046875
-10.201564788818359375
21.155002593994140625
-14.405696868896484375
20.08709716796875
-8.07328033447265625
27.378429412841796875
# Iteration 23
-45.834728240966796875
1.641017913818359375
-17.047210693359375
.762210845947265625
-34.926845550537109375
66.41031646728515625
-27.515377044677734375
18.74033355712890625
-66.336170196533203125
36.148342132568359375
-17.79218292236328125
38.909000396728515625
-33.5643768310546875
41.946216583251953125
-32.8452911376953125
23.28289031982421875
-61.764068603515625
5.984203338623046875
-16.87258148193359375
8.734531402587890625
-18.991580963134765625
58.652587890625
-40.703029632568359375
26.5993499755859375
-28.15427398681640625
35.35406494140625
-25.864246368408203125
14.285488128662109375
-44.273868560791015625
18.07871246337890625
-14.8332977294921875
9.72801971435546875
-67.76511383056640625
37.47519683837890625
-25.8285675048828125
26.2058258056640625
-32.016765594482421875
31.773975372314453125
-25.775890350341796875
19.116504669189453125
-38.458011627197265625
37.73432159423828125
-23.1841583251953125
12.27756500244140625
-35.92531585693359375
24.3814544677734375
-17.513824462890625
15.55701446533203125
-50.90013885498046875
26.776920318603515625
-26.49529266357421875
8.230930328369140625
-44.811061859130859375
39.41486358642578125
-24.0998382568359375
9.26001739501953125
-39.042888641357421875
28.2953948974609375
-19.619007110595703125
11.42655181884765625
-15.378170013427734375
32.7299346923828125
-6.054004669189453125
18.1111907958984375
# Iteration 24
-73.58664703369140625
50.12380218505859375
-52.5880279541015625
35.074981689453125
-21.4171142578125
102.520465850830078125
-47.958026885986328125
22.8602752685546875
-54.679592132568359375
41.4557952880859375
-21.662479400634765625
20.750690460205078125
-41.05938720703125
31.214321136474609375
-24.209415435791015625
15.92594146728515625
-34.706569671630859375
35.9110565185546875
-20.102996826171875
36.641101837158203125
-22.179164886474609375
70.23260498046875
-17.729496002197265625
19.89112091064453125
-40.387058258056640625
20.88336944580078125
-30.977779388427734375
13.361782073974609375
-45.821868896484375
13.629680633544921875
-40.39919281005859375
12.698078155517578125
-51.113864898681640625
46.750148773193359375
-26.7237701416015625
46.980381011962890625
-29.245941162109375
70.4620819091796875
-40.3061676025390625
12.859710693359375
-48.14025115966796875
21.678188323974609375
-25.313114166259765625
17.746295928955078125
-35.153774261474609375
9.94068145751953125
-19.70546722412109375
24.49785614013671875
-13.737834930419921875
8.223278045654296875
-5.9401702880859375
9.75665283203125
-.85144805908203125
29.679172515869140625
-9.031711578369140625
14.35162353515625
-35.151729583740234375
5.506317138671875
-4.861286163330078125
28.4563140869140625
-28.007297515869140625
3.527530670166015625
-14.15813446044921875
21.39688873291015625
# Iteration 25
-116.274639129638671875
114.733615875244140625
-124.7456817626953125
113.870471954345703125
-84.51882171630859375
154.18268585205078125
-124.538265228271484375
154.244781494140625
-110.97075653076171875
94.420162200927734375
-52.5909423828125
189.521503448486328125
-69.5283203125
36.21486663818359375
-46.495082855224609375
107.33672332763671875
-154.26202392578125
103.17479705810546875
-107.08292388916015625
86.246212005615234375
-54.045536041259765625
164.81896209716796875
-52.718303680419921875
44.859058380126953125
-89.409412384033203125
53.145671844482421875
-23.841461181640625
47.62081146240234375
-58.714885711669921875
35.580814361572265625
-26.39653778076171875
50.419155120849609375
-87.636505126953125
79.864589691162109375
-77.954814910888671875
80.1424407958984375
-43.527385711669921875
165.4459075927734375
-40.30216217041015625
49.38988494873046875
-70.026538848876953125
48.5182647705078125
-51.8589019775390625
29.670513153076171875
-60.2998046875
23.03566741943359375
-84.419139862060546875
16.3755950927734375
-88.854373931884765625
79.25971221923828125
-38.855388641357421875
72.07692718505859375
-74.452571868896484375
98.922817230224609375
-56.519519805908203125
23.133800506591796875
-82.36489105224609375
23.389751434326171875
-71.18953704833984375
15.72330474853515625
-30.92682647705078125
13.7519683837890625
-53.778163909912109375
5.017261505126953125
# Iteration 26
-95.703990936279296875
92.0800323486328125
-239.513233184814453125
157.46436309814453125
-146.7706756591796875
142.331890106201171875
-217.228137969970703125
157.72747802734375
-140.87451171875
182.589633941650390625
-207.252223968505859375
101.215236663818359375
-70.67890167236328125
65.92609405517578125
-37.254955291748046875
47.89603424072265625
-134.634349822998046875
71.6331939697265625
-149.804256439208984375
134.5887603759765625
-42.63491058349609375
142.4525146484375
-90.040668487548828125
61.991039276123046875
-70.42467498779296875
120.779754638671875
-26.840496063232421875
86.80504608154296875
-36.524364471435546875
64.642261505126953125
-31.54229736328125
83.76016998291015625
-147.2095794677734375
9.3588104248046875
-19.89251708984375
186.758388519287109375
-76.925617218017578125
147.3607177734375
-67.822795867919921875
133.8495941162109375
-49.1744842529296875
139.530605316162109375
-50.426792144775390625
104.895488739013671875
-45.11167144775390625
28.831768035888671875
-33.831218719482421875
85.3305511474609375
-74.604343414306640625
51.8995819091796875
-87.147495269775390625
58.70523834228515625
-132.585052490234375
39.2812347412109375
-71.79676055908203125
62.403522491455078125
-50.404476165771484375
85.4110260009765625
-134.489292144775390625
47.718471527099609375
-38.623813629150390625
34.83525848388671875
-133.338382720947265625
29.61106109619140625
# Iteration 27
-77.871242523193359375
64.59107208251953125
-8.894001007080078125
26.207012176513671875
-53.643299102783203125
31.77902984619140625
-28.9332275390625
21.69573211669921875
-61.17807769775390625
43.07924652099609375
-24.848094940185546875
28.38934326171875
-7.115268707275390625
53.467548370361328125
-6.795368194580078125
14.475154876708984375
-71.28614044189453125
62.635593414306640625
-14.37863922119140625
23.148838043212890625
-30.870845794677734375
45.51451873779296875
-13.6306610107421875
15.941314697265625
-28.0394439697265625
41.251789093017578125
-7.22737884521484375
17.028003692626953125
-18.64013671875
34.538669586181640625
-13.85640716552734375
10.436595916748046875
-57.0728759765625
58.786304473876953125
-23.878143310546875
25.942638397216796875
-18.275821685791015625
48.518047332763671875
-12.205417633056640625
13.083522796630859375
-31.44774627685546875
17.2296905517578125
-13.454212188720703125
31.519390106201171875
-19.113788604736328125
33.42520904541015625
-6.46672821044921875
19.61946868896484375
-39.730525970458984375
62.93235015869140625
-29.575664520263671875
21.273151397705078125
-27.239200592041015625
26.294040679931640625
-18.24127197265625
22.29656982421875
-16.044239044189453125
20.891704559326171875
-15.69783782958984375
12.4181976318359375
-10.478607177734375
21.024677276611328125
-3.47406768798828125
7.752552032470703125
# Iteration 28
-101.045654296875
10.109340667724609375
-36.50699615478515625
2.841594696044921875
-74.023365020751953125
53.205463409423828125
-28.26496124267578125
22.473114013671875
-34.34515380859375
41.9523162841796875
-19.845821380615234375
24.127166748046875
-30.754573822021484375
14.604648590087890625
-.596103668212890625
19.896663665771484375
-176.37976837158203125
33.715808868408203125
-63.8292236328125
16.504344940185546875
-96.123775482177734375
82.687862396240234375
-57.424304962158203125
41.48484039306640625
-103.825023651123046875
150.086910247802734375
-37.394626617431640625
44.917171478271484375
-121.486316680908203125
99.286163330078125
-26.917694091796875
61.243297576904296875
-163.79422760009765625
26.30597686767578125
-73.93045806884765625
28.5544586181640625
-84.2955322265625
110.716686248779296875
-61.20021820068359375
16.65819549560546875
-68.966846466064453125
172.018848419189453125
-38.0564727783203125
54.53379058837890625
-110.790668487548828125
92.528865814208984375
-28.93083953857421875
29.7799835205078125
-145.5859527587890625
32.250751495361328125
-82.947292327880859375
27.10933685302734375
-57.85750579833984375
89.193607330322265625
-50.2921905517578125
56.372615814208984375
-90.90015411376953125
96.542316436767578125
-49.6296234130859375
30.958637237548828125
-34.548625946044921875
83.351573944091796875
-13.154979705810546875
41.435405731201171875
# Iteration 29
-58.953216552734375
45.333038330078125
-33.145519256591796875
27.32236480712890625
-46.9807586669921875
42.28235626220703125
-25.233821868896484375
13.435031890869140625
-38.9290313720703125
65.6211395263671875
-15.79248809814453125
21.2034759521484375
-58.636142730712890625
41.031612396240234375
-22.09329986572265625
15.093845367431640625
-60.470367431640625
36.39041900634765625
-30.45182037353515625
4.165740966796875
-40.800434112548828125
33.3175201416015625
-31.94446563720703125
9.129199981689453125
-26.276981353759765625
50.487499237060546875
-13.23532867431640625
8.6764068603515625
-32.0496826171875
43.516361236572265625
-11.66403961181640625
5.895999908447265625
-53.1239776611328125
33.531887054443359375
-19.050228118896484375
25.638339996337890625
-21.528568267822265625
23.248477935791015625
-5.303180694580078125
37.04412841796875
-33.270938873291015625
25.866901397705078125
-19.286968231201171875
6.81774139404296875
-19.990139007568359375
53.97525787353515625
-13.4519500732421875
10.526821136474609375
-35.018581390380859375
46.9334869384765625
-6.391544342041015625
34.8848419189453125
-22.85643768310546875
7.630523681640625
-12.620197296142578125
11.898059844970703125
-26.47437286376953125
13.1506805419921875
-20.936351776123046875
24.844028472900390625
-15.287242889404296875
37.088932037353515625
-13.664897918701171875
25.91485595703125
# Iteration 30
-4.3596649169921875
3.719776153564453125
-7.93538665771484375
1.598316192626953125
-17.0239410400390625
26.705913543701171875
-41.12885284423828125
10.55411529541015625
-53.209392547607421875
46.40662384033203125
-20.252197265625
54.131969451904296875
-55.817455291748046875
46.913066864013671875
-41.89124298095703125
25.74773406982421875
-24.674930572509765625
45.898433685302734375
-38.8674468994140625
26.34233856201171875
-31.26837158203125
124.97388458251953125
-110.262905120849609375
44.045497894287109375
-105.26514434814453125
125.07396697998046875
-62.2827606201171875
120.0100250244140625
-120.0712890625
25.791286468505859375
-15.211429595947265625
48.397640228271484375
-2.847362518310546875
19.66918182373046875
-20.0084686279296875
12.278430938720703125
-10.242328643798828125
145.4908599853515625
-63.4052581787109375
74.782199859619140625
-58.04589080810546875
91.228931427001953125
-48.329986572265625
40.17132568359375
-100.8116455078125
39.14447021484375
-21.15062713623046875
93.997730255126953125
-.11344146728515625
20.878917694091796875
-3.41448211669921875
15.272686004638671875
-11.599578857421875
91.62481689453125
-41.2476654052734375
80.507038116455078125
-53.489299774169921875
57.241092681884765625
-37.645435333251953125
33.663677215576171875
-48.7607421875
39.84173583984375
-44.747753143310546875
36.43079376220703125
# Iteration 31
-50.2954864501953125
56.8138580322265625
-33.34351348876953125
51.595417022705078125
-52.94271087646484375
43.321727752685546875
-45.386867523193359375
52.319820404052734375
-35.89612579345703125
62.055141448974609375
-34.88301849365234375
83.73438262939453125
-64.763690948486328125
35.859394073486328125
-38.64815521240234375
45.215145111083984375
-55.51491546630859375
26.4033355712890625
-28.570667266845703125
48.286739349365234375
-14.70778656005859375
48.1182098388671875
-29.917949676513671875
42.942478179931640625
-30.415836334228515625
30.421356201171875
-15.57750701904296875
28.829036712646484375
-36.201900482177734375
21.375080108642578125
-8.715084075927734375
29.85228729248046875
-51.726314544677734375
20.0330963134765625
-15.86432647705078125
46.030750274658203125
-24.544681549072265625
34.989471435546875
-19.2401123046875
22.606594085693359375
-29.40876007080078125
32.90779876708984375
-28.9688262939453125
21.2282562255859375
-17.416133880615234375
15.7831573486328125
-32.134307861328125
14.480136871337890625
-20.731899261474609375
38.914318084716796875
-37.6663055419921875
16.156887054443359375
-22.762359619140625
23.420383453369140625
-14.310787200927734375
13.817005157470703125
-25.184810638427734375
14.12164306640625
-21.88370513916015625
27.239116668701171875
-23.594013214111328125
8.588802337646484375
-25.744037628173828125
13.109195709228515625
# Iteration 32
-67.30896759033203125
20.9490966796875
-22.02365875244140625
5.7642822265625
-35.132869720458984375
36.550823211669921875
-15.95752716064453125
20.101665496826171875
-44.90610504150390625
28.8248291015625
-6.61598968505859375
36.74469757080078125
-10.7445220947265625
16.1024169921875
-.1290740966796875
11.19087982177734375
-144.094402313232421875
68.5344390869140625
-57.11712646484375
23.820404052734375
-68.943813323974609375
93.094318389892578125
-49.254886627197265625
22.523838043212890625
-115.19803619384765625
95.893016815185546875
-25.522403717041015625
48.492183685302734375
-32.747142791748046875
34.8162384033203125
-2.5770111083984375
8.4202880859375
-126.821231842041015625
42.47510528564453125
-69.4490814208984375
22.98755645751953125
-92.54339599609375
98.13147735595703125
-38.55861663818359375
23.338550567626953125
-96.39730072021484375
71.137096405029296875
-37.316516876220703125
26.54750823974609375
-9.76976776123046875
12.4817657470703125
-4.448947906494140625
6.108028411865234375
-122.7982330322265625
53.5357513427734375
-49.764225006103515625
50.860107421875
-33.63666534423828125
74.58293914794921875
-23.5054779052734375
48.08135986328125
-43.5075836181640625
116.61063385009765625
-31.88272857666015625
23.557933807373046875
-.120326995849609375
22.813404083251953125
-.155246734619140625
4.032962799072265625
# Iteration 33
-53.2632293701171875
64.00390625
-58.263401031494140625
30.298633575439453125
-89.03424072265625
47.76885223388671875
-82.289615631103515625
36.540943145751953125
-41.78221893310546875
63.403865814208984375
-55.455051422119140625
35.70610809326171875
-62.1228790283203125
33.93569183349609375
-31.311756134033203125
21.212188720703125
-82.770145416259765625
85.447826385498046875
-60.062290191650390625
36.129924774169921875
-26.456695556640625
49.45261383056640625
-17.7091827392578125
12.178478240966796875
-22.71511077880859375
28.698780059814453125
-19.09928131103515625
11.51815032958984375
-40.24195098876953125
19.3631591796875
-33.60378265380859375
8.498928070068359375
-88.47452545166015625
72.22145843505859375
-28.83641815185546875
53.64823150634765625
-27.929988861083984375
71.8253326416015625
-10.214298248291015625
22.695224761962890625
-45.618968963623046875
24.4539337158203125
-14.225490570068359375
29.809665679931640625
-29.995086669921875
32.413623809814453125
-13.805755615234375
26.521762847900390625
-40.799915313720703125
41.70926666259765625
-18.270740509033203125
29.60140228271484375
-40.71100616455078125
48.42230224609375
-25.320758819580078125
26.570346832275390625
-25.06585693359375
32.256046295166015625
-17.919872283935546875
17.444126129150390625
-25.0514984130859375
30.459049224853515625
-12.435626983642578125
12.971546173095703125
# Iteration 34
-166.399539947509765625
128.78665924072265625
-89.45708465576171875
63.579463958740234375
-145.19350433349609375
198.20149993896484375
-85.607151031494140625
55.918697357177734375
-227.150333404541015625
196.1191864013671875
-56.900066375732421875
75.2275238037109375
-29.635295867919921875
107.756534576416015625
-7.616268157958984375
13.5471038818359375
-162.02367401123046875
107.9037322998046875
-102.53179931640625
27.388275146484375
-83.531536102294921875
186.374752044677734375
-49.256710052490234375
37.932415008544921875
-124.67440032958984375
157.325603485107421875
-35.3908538818359375
34.991367340087890625
-1.01131439208984375
37.351436614990234375
-3.627315521240234375
12.21469879150390625
-164.608951568603515625
125.072681427001953125
-53.229938507080078125
114.822536468505859375
-84.34091949462890625
94.249835968017578125
-50.5111846923828125
46.346851348876953125
-52.534282684326171875
237.152965545654296875
-42.56847381591796875
44.8773345947265625
-11.43288421630859375
18.396938323974609375
-8.760986328125
3.696758270263671875
-100.66466522216796875
118.682476043701171875
-28.065738677978515625
121.460330963134765625
-59.37078094482421875
50.1584625244140625
-33.968212127685546875
104.58753204345703125
-87.76424407958984375
59.12258148193359375
-57.1371002197265625
33.917999267578125
-2.82061767578125
9.29468536376953125
-2.583751678466796875
4.866924285888671875
# Iteration 35
-37.670055389404296875
45.65245819091796875
-31.900943756103515625
22.314609527587890625
-41.641937255859375
57.64720916748046875
-20.876434326171875
18.316501617431640625
-57.227130889892578125
56.9754791259765625
-27.705593109130859375
18.323009490966796875
-44.3633880615234375
64.037960052490234375
-13.656452178955078125
13.891414642333984375
-55.77806854248046875
59.21007537841796875
-31.338848114013671875
7.08081817626953125
-22.76512908935546875
60.286228179931640625
-11.173862457275390625
14.365741729736328125
-53.5897064208984375
39.001689910888671875
-20.777378082275390625
5.59375
-8.795932769775390625
56.316127777099609375
-7.561046600341796875
19.704479217529296875
-39.890750885009765625
55.109844207763671875
-30.75693511962890625
24.445293426513671875
-13.39160919189453125
53.746028900146484375
-8.40729522705078125
15.900180816650390625
-61.580432891845703125
44.08522796630859375
-17.438228607177734375
4.266448974609375
-21.70966339111328125
28.770328521728515625
-8.903598785400390625
5.620880126953125
-15.4623260498046875
43.06945037841796875
-3.810943603515625
39.296321868896484375
-22.39825439453125
14.71186065673828125
-14.667247772216796875
6.30681610107421875
-19.242343902587890625
38.972507476806640625
-12.6509552001953125
24.276447296142578125
-25.262104034423828125
8.763614654541015625
-18.641460418701171875
3.776927947998046875
# Iteration 36
-1.6452789306640625
.139743804931640625
-5.18761444091796875
.22187042236328125
-8.78662872314453125
4.860965728759765625
-42.178497314453125
2.06948089599609375
-.462329864501953125
13.810272216796875
-17.1700439453125
1.45017242431640625
0
2.1699676513671875
-1.240756988525390625
0
-2.341083526611328125
3.31952667236328125
-6.202808380126953125
5.8654632568359375
-7.68041229248046875
20.2455596923828125
-12.04457855224609375
25.12923431396484375
-10.9380950927734375
53.77214813232421875
-19.771755218505859375
20.20497894287109375
-9.61098480224609375
17.435577392578125
-21.449253082275390625
2.579807281494140625
-3.897640228271484375
9.842243194580078125
-11.8002777099609375
11.75482177734375
-6.064785003662109375
32.363140106201171875
-17.528697967529296875
21.577068328857421875
-4.99733734130859375
39.66054534912109375
-15.229404449462890625
18.4761199951171875
-30.118770599365234375
12.867031097412109375
-11.64056396484375
12.01328277587890625
-8.72664642333984375
13.47808074951171875
-7.491527557373046875
26.168308258056640625
-11.200000762939453125
30.38356781005859375
-4.02072906494140625
28.6527099609375
-6.931140899658203125
23.94159698486328125
-4.5601806640625
22.44396209716796875
-24.4234466552734375
9.601444244384765625
-5.31402587890625
12.23975372314453125
# Iteration 37
-147.418727874755859375
138.5785675048828125
-101.24365997314453125
44.555522918701171875
-147.674312591552734375
224.212940216064453125
-55.627887725830078125
48.469554901123046875
-175.942150115966796875
218.28752899169921875
-54.912445068359375
56.586254119873046875
-11.807621002197265625
49.87116241455078125
-3.7457122802734375
16.310802459716796875
-120.123592376708984375
134.48801422119140625
-52.8782958984375
122.6412811279296875
-110.97640228271484375
62.411899566650390625
-61.812633514404296875
38.90943145751953125
-72.542522430419921875
183.247768402099609375
-48.41660308837890625
36.94669342041015625
-14.5203857421875
3.26877593994140625
-7.85393524169921875
.947010040283203125
-106.4497222900390625
142.734340667724609375
-38.573150634765625
154.471744537353515625
-70.698146820068359375
73.899944305419921875
-44.42848968505859375
145.90650177001953125
-108.55722808837890625
52.695598602294921875
-73.393917083740234375
38.675350189208984375
-1.259311676025390625
10.99944305419921875
-1.652614593505859375
4.676788330078125
-88.274204254150390625
116.782451629638671875
-46.642024993896484375
95.93457794189453125
-72.46772003173828125
36.643230438232421875
-37.1807098388671875
38.838039398193359375
-56.433837890625
15.6251373291015625
-46.868377685546875
49.487682342529296875
-6.985446929931640625
.034820556640625
-3.198429107666015625
4.737087249755859375
# Iteration 38
-27.684673309326171875
1.531703948974609375
-8.9476318359375
1.104038238525390625
-78.09912872314453125
62.021453857421875
-37.905857086181640625
19.7473907470703125
-59.485889434814453125
65.257762908935546875
-19.935009002685546875
31.726108551025390625
-55.29305267333984375
29.440891265869140625
-23.333164215087890625
17.997833251953125
-47.81689453125
6.08905029296875
-12.70947265625
4.730220794677734375
-34.464336395263671875
69.215251922607421875
-21.05361175537109375
19.261138916015625
-62.483776092529296875
19.067089080810546875
-16.564208984375
15.76430511474609375
-14.16986083984375
30.11615753173828125
-6.115070343017578125
13.14218902587890625
-66.017040252685546875
19.401927947998046875
-36.817352294921875
5.253726959228515625
-35.171276092529296875
67.114841461181640625
-39.77939605712890625
13.2929840087890625
-64.539684295654296875
37.208904266357421875
-15.3078765869140625
17.4102325439453125
-15.563411712646484375
28.430370330810546875
-13.299407958984375
11.533863067626953125
-13.348232269287109375
8.454799652099609375
-10.312984466552734375
.907497406005859375
-12.23621368408203125
27.344158172607421875
-12.891956329345703125
2.375110626220703125
-25.60797882080078125
12.36769866943359375
-9.266536712646484375
9.76790618896484375
-15.370372772216796875
18.835407257080078125
-12.083660125732421875
5.6925048828125
# Iteration 39
-115.0930023193359375
151.7862701416015625
-195.476978302001953125
28.8375244140625
-18.3576507568359375
56.762058258056640625
-49.17429351806640625
6.642566680908203125
-.31078338623046875
4.274410247802734375
-2.03020477294921875
.363735198974609375
-.00131988525390625
0
0
.000598907470703125
-100.1409912109375
162.882678985595703125
-98.046596527099609375
89.631519317626953125
-14.649730682373046875
120.71221160888671875
-39.772243499755859375
20.37200164794921875
-.181438446044921875
15.628047943115234375
-1.380847930908203125
2.3505706787109375
-.04656982421875
.00014495849609375
-.002979278564453125
.02364349365234375
-103.85118865966796875
90.30572509765625
-44.073764801025390625
154.422275543212890625
-8.79650115966796875
148.8208465576171875
-20.4075469970703125
63.13504791259765625
-9.612579345703125
16.25372314453125
-.624134063720703125
21.986248016357421875
-1.229808807373046875
.032505035400390625
-.01738739013671875
1.2314300537109375
-33.976490020751953125
92.5553131103515625
-44.15316009521484375
85.43187713623046875
-4.73244476318359375
44.286540985107421875
-6.17824554443359375
29.3870391845703125
-16.15544891357421875
2.441799163818359375
-11.925384521484375
8.9417266845703125
-5.573955535888671875
.340389251708984375
-1.58184814453125
.6291351318359375
# Iteration 40
-106.8869476318359375
34.310527801513671875
-134.7497100830078125
29.011631011962890625
-215.90004730224609375
18.98101806640625
-30.188640594482421875
79.8260345458984375
-149.264251708984375
168.45218658447265625
-67.2884979248046875
99.76531219482421875
-101.437839508056640625
121.9349212646484375
-48.3592681884765625
81.49358367919921875
-120.252521514892578125
83.379482269287109375
-111.921672821044921875
41.388462066650390625
-121.6089630126953125
40.54441070556640625
-159.8748016357421875
41.163299560546875
-51.133758544921875
189.148914337158203125
-69.5929412841796875
84.65081024169921875
-50.436901092529296875
49.483745574951171875
-23.2259521484375
60.467174530029296875
-204.74903106689453125
60.439647674560546875
-61.493694305419921875
94.358051300048828125
-70.544712066650390625
93.304965972900390625
-45.3704376220703125
98.557697296142578125
-89.7097930908203125
129.088657379150390625
-109.404102325439453125
48.22295379638671875
-52.334918975830078125
91.40068817138671875
-64.017696380615234375
20.318370819091796875
-148.050800323486328125
50.8386383056640625
-13.349941253662109375
122.503070831298828125
-86.96331787109375
51.997314453125
-19.854496002197265625
117.923686981201171875
-82.435268402099609375
34.242427825927734375
-32.96855926513671875
57.3532562255859375
-40.890834808349609375
82.933422088623046875
-57.9668731689453125
35.57312774658203125
# Iteration 41
-29.344882965087890625
105.810302734375
-21.5399322509765625
56.67534637451171875
-31.3309173583984375
22.160564422607421875
-4.302722930908203125
15.5032958984375
-2.3195037841796875
1.11212158203125
-.86695098876953125
.418476104736328125
0
0
0
0
-123.08431243896484375
298.802593231201171875
-36.173206329345703125
228.333080291748046875
-165.179889678955078125
69.966644287109375
-94.165447235107421875
37.188808441162109375
-25.863170623779296875
132.108348846435546875
-67.33910369873046875
58.26073455810546875
-6.33229827880859375
44.405303955078125
-6.117778778076171875
41.33205413818359375
-172.4621429443359375
176.551952362060546875
-65.104610443115234375
143.17644500732421875
-192.769435882568359375
103.324493408203125
-65.961856842041015625
103.048534393310546875
-34.06646728515625
237.4606170654296875
-100.13149261474609375
103.015712738037109375
-31.535495758056640625
104.521762847900390625
-125.79052734375
18.5704345703125
-129.345180511474609375
153.962890625
-214.31249237060546875
45.774700164794921875
-68.901336669921875
93.30812835693359375
-104.013347625732421875
95.813076019287109375
-117.643035888671875
87.556919097900390625
-157.36737060546875
43.1321868896484375
-12.523395538330078125
185.61513519287109375
-34.83068084716796875
59.629180908203125
# Iteration 42
-121.8505096435546875
4.213474273681640625
-23.378170013427734375
2.43956756591796875
-105.644927978515625
74.120922088623046875
-48.834300994873046875
25.431110382080078125
-92.01364898681640625
95.583271026611328125
-41.039581298828125
64.117061614990234375
-79.16298675537109375
62.395660400390625
-4.081207275390625
59.888946533203125
-169.479251861572265625
16.19068145751953125
-56.52750396728515625
9.93387603759765625
-96.86872100830078125
86.150218963623046875
-59.90765380859375
42.345550537109375
-95.238727569580078125
164.355133056640625
-46.93766021728515625
36.470561981201171875
-64.7425537109375
76.33863067626953125
-12.100330352783203125
20.52484893798828125
-158.390293121337890625
62.261615753173828125
-78.297702789306640625
34.754940032958984375
-96.208629608154296875
106.05495452880859375
-77.029941558837890625
57.5536956787109375
-99.66028594970703125
155.013591766357421875
-55.41278076171875
45.92044830322265625
-34.921047210693359375
93.956523895263671875
-13.681987762451171875
10.008453369140625
-112.36774444580078125
89.753253936767578125
-135.4191436767578125
62.368015289306640625
-55.94028472900390625
54.669910430908203125
-23.445159912109375
90.8826141357421875
-74.74980926513671875
67.16595458984375
-46.0654754638671875
73.6085052490234375
-14.342498779296875
12.791423797607421875
-11.23813629150390625
14.089874267578125
# Iteration 43
-80.825695037841796875
41.55258941650390625
-30.0600738525390625
21.727489471435546875
-63.3712158203125
66.83819580078125
-30.782726287841796875
55.269268035888671875
-67.460567474365234375
81.605289459228515625
-2.65991973876953125
52.075519561767578125
0
16.13343048095703125
0
2.9320068359375
-167.7470550537109375
100.18157196044921875
-78.22206878662109375
46.61313629150390625
-100.24362945556640625
162.595184326171875
-52.983554840087890625
31.7722930908203125
-81.78142547607421875
167.1379241943359375
-17.589344024658203125
28.918212890625
-.3567047119140625
13.285236358642578125
-1.03008270263671875
1.26183319091796875
-180.589099884033203125
73.5923614501953125
-91.57318115234375
35.479248046875
-79.76300048828125
160.6735687255859375
-52.798130035400390625
35.46106719970703125
-72.7065277099609375
161.805816650390625
-25.850025177001953125
25.64111328125
-.2772979736328125
1.18476104736328125
-.79369354248046875
.06729888916015625
-139.734897613525390625
98.55213165283203125
-35.02397918701171875
105.850772857666015625
-77.09381866455078125
59.7034149169921875
-48.870685577392578125
52.078418731689453125
-44.753345489501953125
34.692691802978515625
-30.5483245849609375
25.33770751953125
-1.112926483154296875
.271533966064453125
-.70162200927734375
.063934326171875
# Iteration 44
-72.199764251708984375
152.982349395751953125
-27.11403656005859375
58.74945831298828125
-44.578701019287109375
151.915904998779296875
-62.822124481201171875
25.26517486572265625
-4.810039520263671875
63.657253265380859375
-26.011714935302734375
10.54892730712890625
-.9937591552734375
.1361541748046875
-.499744415283203125
.63280487060546875
-352.162662506103515625
507.850902557373046875
-167.777812957763671875
312.36380767822265625
-280.5232391357421875
472.652050018310546875
-404.059947967529296875
165.28878021240234375
-46.11873626708984375
482.056133270263671875
-225.24825286865234375
29.429279327392578125
0
21.257404327392578125
-9.26644134521484375
.276065826416015625
-272.4676361083984375
341.658447265625
-435.243236541748046875
151.6575469970703125
-280.3102874755859375
419.96744537353515625
-117.446380615234375
434.255718231201171875
-51.120822906494140625
439.39214324951171875
-39.191375732421875
288.09717559814453125
-1.413372039794921875
13.093475341796875
0
11.077960968017578125
-196.1018524169921875
279.785675048828125
-49.891490936279296875
172.650241851806640625
-67.455554962158203125
338.89734649658203125
-20.0363006591796875
231.16815948486328125
-58.506404876708984375
25.519840240478515625
-40.384258270263671875
27.361804962158203125
-3.90824127197265625
0
-1.67498016357421875
0
# Iteration 45
-52.68253326416015625
14.917736053466796875
-119.4587860107421875
8.86133575439453125
-17.5988006591796875
51.681072235107421875
-123.992298126220703125
.693622589111328125
-1.114498138427734375
17.95611572265625
-12.45124053955078125
17.296573638916015625
-4.38275146484375
.644439697265625
-.048526763916015625
10.1692047119140625
-395.947971343994140625
154.381038665771484375
-657.095836639404296875
142.973972320556640625
-28.91741943359375
331.1148834228515625
-343.501811981201171875
98.704929351806640625
-26.144092559814453125
245.4597320556640625
-107.50634002685546875
66.56362152099609375
-35.07308197021484375
1.10050201416015625
-19.618968963623046875
18.32503509521484375
-308.45257568359375
306.24050140380859375
-357.01605987548828125
376.52112579345703125
-94.457111358642578125
268.938373565673828125
-262.52857208251953125
174.08112335205078125
-17.79669189453125
121.2820892333984375
-301.536205291748046875
34.158893585205078125
-1.892486572265625
24.75719451904296875
-116.67810821533203125
9.590549468994140625
-245.48671722412109375
151.5254669189453125
-229.7834320068359375
364.4840850830078125
-136.426971435546875
140.03264617919921875
-257.226253509521484375
124.617191314697265625
-27.633922576904296875
133.178943634033203125
-242.2239837646484375
114.170536041259765625
-6.513736724853515625
16.5809478759765625
-22.0447235107421875
20.4269561767578125
# Iteration 46
-116.87825775146484375
6.145336151123046875
-172.7531280517578125
11.7339630126953125
-90.800998687744140625
60.50043487548828125
-389.2607879638671875
4.410549163818359375
-14.87895965576171875
222.712772369384765625
-245.9036865234375
37.55916595458984375
-43.951549530029296875
37.360088348388671875
-28.31165313720703125
59.394695281982421875
-465.253570556640625
43.58432769775390625
-444.170680999755859375
196.65802001953125
-114.64319610595703125
303.389057159423828125
-189.926025390625
241.33544921875
-34.118045806884765625
369.26358795166015625
-173.414485931396484375
149.597362518310546875
-46.3165283203125
33.256580352783203125
-283.867633819580078125
12.4121856689453125
-235.794589996337890625
152.717220306396484375
-367.98111724853515625
226.8104095458984375
-143.194141387939453125
288.715015411376953125
-204.037872314453125
395.631450653076171875
-175.8597259521484375
90.8500213623046875
-435.4847564697265625
163.74615478515625
-34.387042999267578125
113.73111724853515625
-233.325122833251953125
110.658512115478515625
-54.600452423095703125
200.4014129638671875
-221.040683746337890625
273.9446868896484375
-205.008514404296875
36.5688018798828125
-162.334674835205078125
105.324146270751953125
-123.313838958740234375
90.6376800537109375
-94.6117706298828125
184.3348236083984375
-24.9967803955078125
66.627574920654296875
-107.965518951416015625
166.4463043212890625
# Iteration 47
-170.46344757080078125
51.22974395751953125
-249.6768035888671875
39.645908355712890625
-348.03661346435546875
50.574069976806640625
-82.598331451416015625
106.061870574951171875
-303.878604888916015625
221.95737457275390625
-129.223724365234375
152.5423431396484375
-172.3987274169921875
251.90781402587890625
-100.24617767333984375
105.861492156982421875
-301.185733795166015625
105.7759246826171875
-175.413890838623046875
61.43115997314453125
-198.598785400390625
87.00470733642578125
-300.12094879150390625
65.58477783203125
-91.962436676025390625
328.60060882568359375
-98.36351776123046875
184.23839569091796875
-88.412811279296875
83.741790771484375
-26.24732208251953125
153.25508880615234375
-412.18453216552734375
97.057796478271484375
-62.155406951904296875
186.733196258544921875
-146.61783599853515625
151.97968292236328125
-57.564487457275390625
192.556758880615234375
-131.627742767333984375
242.261322021484375
-188.93328857421875
67.407073974609375
-118.184352874755859375
123.400150299072265625
-94.980182647705078125
26.410247802734375
-167.332271575927734375
58.640056610107421875
-12.864810943603515625
189.699859619140625
-212.38469696044921875
22.35474395751953125
-57.38602447509765625
119.13285064697265625
-86.4705810546875
121.856098175048828125
-37.09210968017578125
105.631134033203125
-118.485248565673828125
87.46918487548828125
-87.703033447265625
48.3230438232421875
# Iteration 48
-2.84403228759765625
248.86834716796875
-48.379276275634765625
111.763957977294921875
-364.246501922607421875
436.46508026123046875
-167.817352294921875
289.9107818603515625
-455.03681182861328125
353.44937896728515625
-292.576900482177734375
258.79523468017578125
-180.870128631591796875
491.867229461669921875
-382.348705291748046875
94.470409393310546875
-86.54920196533203125
93.54012298583984375
-85.05713653564453125
34.252044677734375
-289.91656494140625
234.534839630126953125
-317.690486907958984375
80.30385589599609375
-180.5287017822265625
416.596157073974609375
-143.37506866455078125
297.147022247314453125
-117.5412445068359375
252.317596435546875
-50.1607666015625
170.061367034912109375
-134.80989837646484375
118.842128753662109375
-17.028743743896484375
46.909847259521484375
-252.94197845458984375
220.792125701904296875
-92.5541534423828125
179.082550048828125
-82.294605255126953125
427.44132232666015625
-54.395511627197265625
111.98525238037109375
-22.344470977783203125
171.1636505126953125
-20.23651885986328125
126.472118377685546875
-29.384212493896484375
83.1706390380859375
-61.00337982177734375
11.74285125732421875
-67.19063568115234375
108.556758880615234375
-62.0948638916015625
44.3817291259765625
-1.182220458984375
161.476665496826171875
-8.04257965087890625
1.162994384765625
-28.617160797119140625
4.67830657958984375
-15.028240203857421875
1.234882354736328125
